LEFT_CHEEK_IDS = [
    36, 50, 101, 111, 116, 117, 118, 123, 135, 137, 138, 147, 177,
    187, 192, 203, 205, 206, 207, 212, 213, 214, 215, 216, 227,
]

0: [2, 15, 16, 17]
1:  [2, 5, 6, 7, 13, 16]
2: [0, 1, 6, 16]
3: [4, 5, 7]
4: [3, 7, 9, 24]
5: [1, 3, 6, 7]
6: [1, 2, 5]
7: [1, 3, 4, 5, 9, 11, 12, 13]
8: [10, 14, 21]
9: [4, 7, 12, 24]
10:  [8, 14, 20, 22]
11: [7, 12, 13, 20, 22]
12: [7, 9, 11, 22]
13: [1, 7, 11, 14, 16, 18, 20, 21]
14: [8, 10, 13, 20, 21]
15: [0, 17]
16: [0, 1, 2, 13, 17, 18, 23]
17: [0, 15, 16, 23]
18: [13, 16, 19, 21, 23]
19:  [18, 21, 23]
20: [10, 11, 13, 14, 22]
21: [8, 13, 14, 18, 19]
22: [10, 11, 12, 20]
23: [16, 17, 18, 19]
24:  [4, 9]