57
58
59
60
61
63
64
65
66
67
68
69
70
71
72
73
74
75
76
77
78
79
80
81
82
83
84
85
86
87
88
89
90
91
93
105
106
107
108
109
110
111
112
113
114
115
116
117
118
119
120
188
189
190
191
192
193
194
196
197
198
199
200
201
202
203
204
205
206
207
210
211
212
213
214
215
216
217
218
219
220
386
387
388
389
390
391
392
393
473
474
475
476
487
494
496
498
499
501
502
516
521
522
523
524
525
526
548
549
550
552
553
554
555
556
557
558
559
560
561
562
563
565
576
577
578
579
580
581
582
583
584
585
587
588
589
590
591
592
593
594
595
596
597
598
599
600
601
602
603
607
610
611
612
613
614
662
663
664
665
666
667
668
669
670
671
672
673
740